import networkx as nx
import numpy as np
import matplotlib.pyplot as plt

Adj=np.zeros((14,14))


Adj=   [[0., 1., 1., 1., 0., 0., 0., 0., 0., 0., 0., 0., 0., 0.],
       [1., 0., 1., 0., 0., 0., 0., 1., 0., 0., 0., 0., 0., 0.],
       [1., 1., 0., 0., 0., 1., 0., 0., 0., 0., 0., 0., 0., 0.],
       [1., 0., 0., 0., 1., 0., 0., 0., 1., 0., 0., 0., 0., 0.],
       [0., 0., 0., 1., 0., 1., 1., 0., 0., 0., 0., 0., 0., 0.],
       [0., 0., 1., 0., 1., 0., 0., 0., 0., 0., 1., 0., 1., 0.],
       [0., 0., 0., 0., 1., 0., 0., 1., 0., 0., 0., 0., 0., 0.],
       [0., 1., 0., 0., 0., 0., 1., 0., 0., 1., 0., 0., 0., 0.],
       [0., 0., 0., 1., 0., 0., 0., 0., 0., 0., 0., 1., 0., 1.],
       [0., 0., 0., 0., 0., 0., 0., 1., 0., 0., 0., 1., 0., 1.],
       [0., 0., 0., 0., 0., 1., 0., 0., 0., 1., 0., 0., 0., 0.],
       [0., 0., 0., 0., 0., 0., 0., 0., 1., 1., 0., 0., 1., 0.],
       [0., 0., 0., 0., 0., 1., 0., 0., 0., 0., 0., 1., 0., 1.],
       [0., 0., 0., 0., 0., 0., 0., 0., 1., 1., 0., 0., 1., 0.]]

g = nx.DiGraph() 
g = nx.DiGraph() 
for i in range(len(Adj)):
	for j in range(len(Adj)):
		if Adj[i][j]==1:
			g.add_edge(i, j, weight=1)
nx.draw(g, with_labels=True)
plt.show() # display
